WS1 = -0.9953954772517856 + 0.0020845537986733274im
WS196 = 0.001606321565132204 + 0.0002334168591909824im