WS1 = -1.999887935483245 - 4.646994387226436e-10im
WS289 = 0.0003754600766265172 + 2.0924290421173208e-14im