WS1 = -3.876744682477856 - 0.058368246504592394im
WS361 = 0.008070315736364311 + 0.00030013382040804603im